-2.0e0 -1.3e0 -6.7589386e-3 -6.7589386e-3
-1.833334e0 -1.3e0 -1.17369737e-2 -1.17369737e-2
-1.6666681e0 -1.3e0 -1.9120302e-2 -1.9120302e-2
-1.5000021e0 -1.3e0 -2.9171065e-2 -2.9171065e-2
-1.3333362e0 -1.3e0 -4.1579689e-2 -4.1579689e-2
-1.1666702e0 -1.3e0 -5.5188899e-2 -5.5188899e-2
-1.0000043e0 -1.3e0 -6.7879567e-2 -6.7879567e-2
-8.333383e-1 -1.3e0 -7.67819482e-2 -7.67819482e-2
-6.666723e-1 -1.3e0 -7.8880678e-2 -7.8880678e-2
-5.000063e-1 -1.3e0 -7.1860869e-2 -7.1860869e-2
-3.333403e-1 -1.3e0 -5.5044485e-2 -5.5044485e-2
-1.666743e-1 -1.3e0 -2.9908044e-2 -2.9908044e-2
-8.3e-6 -1.3e0 -1.53168156e-6 -1.53168156e-6
1.6665771e-1 -1.3e0 2.990506e-2 2.990506e-2
3.3332372e-1 -1.3e0 5.5041739e-2 5.5041739e-2
4.9998972e-1 -1.3e0 7.18585e-2 7.18585e-2
6.6665572e-1 -1.3e0 7.8878711e-2 7.8878711e-2
8.3332172e-1 -1.3e0 7.67815984e-2 7.67815984e-2
9.9998772e-1 -1.3e0 6.78803969e-2 6.78803969e-2
1.16665372e0 -1.3e0 5.518976e-2 5.518976e-2
1.3333197e0 -1.3e0 4.1581302e-2 4.1581302e-2
1.4999857e0 -1.3e0 2.9172026e-2 2.9172026e-2
1.6666516e0 -1.3e0 1.9121077e-2 1.9121077e-2
1.8333176e0 -1.3e0 1.17375992e-2 1.17375992e-2
1.9999835e0 -1.3e0 6.759364e-3 6.759364e-3

-2.0e0 -1.191667e0 -8.8533661e-3 -8.8533661e-3
-1.833334e0 -1.191667e0 -1.53739783e-2 -1.53739783e-2
-1.6666681e0 -1.191667e0 -2.5045197e-2 -2.5045197e-2
-1.5000021e0 -1.191667e0 -3.8210648e-2 -3.8210648e-2
-1.3333362e0 -1.191667e0 -5.446401e-2 -5.446401e-2
-1.1666702e0 -1.191667e0 -7.2290651e-2 -7.2290651e-2
-1.0000043e0 -1.191667e0 -8.8913171e-2 -8.8913171e-2
-8.333383e-1 -1.191667e0 -1.00517238e-1 -1.00517238e-1
-6.666723e-1 -1.191667e0 -1.03280911e-1 -1.03280911e-1
-5.000063e-1 -1.191667e0 -9.4116167e-2 -9.4116167e-2
-3.333403e-1 -1.191667e0 -7.2084839e-2 -7.2084839e-2
-1.666743e-1 -1.191667e0 -3.9176813e-2 -3.9176813e-2
-8.3e-6 -1.191667e0 -2.00644167e-6 -2.00644167e-6
1.6665771e-1 -1.191667e0 3.9172903e-2 3.9172903e-2
3.3332372e-1 -1.191667e0 7.2081242e-2 7.2081242e-2
4.9998972e-1 -1.191667e0 9.4113065e-2 9.4113065e-2
6.6665572e-1 -1.191667e0 1.03278334e-1 1.03278334e-1
8.3332172e-1 -1.191667e0 1.00515231e-1 1.00515231e-1
9.9998772e-1 -1.191667e0 8.89144724e-2 8.89144724e-2
1.16665372e0 -1.191667e0 7.2292422e-2 7.2292422e-2
1.3333197e0 -1.191667e0 5.4466397e-2 5.4466397e-2
1.4999857e0 -1.191667e0 3.8211769e-2 3.8211769e-2
1.6666516e0 -1.191667e0 2.5046393e-2 2.5046393e-2
1.8333176e0 -1.191667e0 1.53747131e-2 1.53747131e-2
1.9999835e0 -1.191667e0 8.853896e-3 8.853896e-3

-2.0e0 -1.083334e0 -1.1327774e-2 -1.1327774e-2
-1.833334e0 -1.083334e0 -1.9670383e-2 -1.9670383e-2
-1.6666681e0 -1.083334e0 -3.2044894e-2 -3.2044894e-2
-1.5000021e0 -1.083334e0 -4.8890353e-2 -4.8890353e-2
-1.3333362e0 -1.083334e0 -6.9686737e-2 -6.9686737e-2
-1.1666702e0 -1.083334e0 -9.2495322e-2 -9.2495322e-2
-1.0000043e0 -1.083334e0 -1.1372046e-1 -1.1372046e-1
-8.333383e-1 -1.083334e0 -1.28692378e-1 -1.28692378e-1
-6.666723e-1 -1.083334e0 -1.32161163e-1 -1.32161163e-1
-5.000063e-1 -1.083334e0 -1.20421504e-1 -1.20421504e-1
-3.333403e-1 -1.083334e0 -9.2255244e-2 -9.2255244e-2
-1.666743e-1 -1.083334e0 -5.0130635e-2 -5.0130635e-2
-8.3e-6 -1.083334e0 -2.56694116e-6 -2.56694116e-6
1.6665771e-1 -1.083334e0 5.0125633e-2 5.0125633e-2
3.3332372e-1 -1.083334e0 9.2250641e-2 9.2250641e-2
4.9998972e-1 -1.083334e0 1.20417535e-1 1.20417535e-1
6.6665572e-1 -1.083334e0 1.32157866e-1 1.32157866e-1
8.3332172e-1 -1.083334e0 1.2868981e-1 1.2868981e-1
9.9998772e-1 -1.083334e0 1.13718552e-1 1.13718552e-1
1.16665372e0 -1.083334e0 9.2496591e-2 9.2496591e-2
1.3333197e0 -1.083334e0 6.9688911e-2 6.9688911e-2
1.4999857e0 -1.083334e0 4.8891481e-2 4.8891481e-2
1.6666516e0 -1.083334e0 3.2046606e-2 3.2046606e-2
1.8333176e0 -1.083334e0 1.9671294e-2 1.9671294e-2
1.9999835e0 -1.083334e0 1.13285333e-2 1.13285333e-2

-2.0e0 -9.75001e-1 -1.41575562e-2 -1.41575562e-2
-1.833334e0 -9.75001e-1 -2.4584431e-2 -2.4584431e-2
-1.6666681e0 -9.75001e-1 -4.0050046e-2 -4.0050046e-2
-1.5000021e0 -9.75001e-1 -6.1101944e-2 -6.1101944e-2
-1.3333362e0 -9.75001e-1 -8.7095013e-2 -8.7095013e-2
-1.1666702e0 -9.75001e-1 -1.15599046e-1 -1.15599046e-1
-1.0000043e0 -9.75001e-1 -1.421207e-1 -1.421207e-1
-8.333383e-1 -9.75001e-1 -1.60867635e-1 -1.60867635e-1
-6.666723e-1 -9.75001e-1 -1.65234769e-1 -1.65234769e-1
-5.000063e-1 -9.75001e-1 -1.50536856e-1 -1.50536856e-1
-3.333403e-1 -9.75001e-1 -1.15292429e-1 -1.15292429e-1
-1.666743e-1 -9.75001e-1 -6.2666232e-2 -6.2666232e-2
-8.3e-6 -9.75001e-1 -3.2086144e-6 -3.2086144e-6
1.6665771e-1 -9.75001e-1 6.265998e-2 6.265998e-2
3.3332372e-1 -9.75001e-1 1.15286676e-1 1.15286676e-1
4.9998972e-1 -9.75001e-1 1.50531894e-1 1.50531894e-1
6.6665572e-1 -9.75001e-1 1.65230647e-1 1.65230647e-1
8.3332172e-1 -9.75001e-1 1.60864424e-1 1.60864424e-1
9.9998772e-1 -9.75001e-1 1.42118321e-1 1.42118321e-1
1.16665372e0 -9.75001e-1 1.15603275e-1 1.15603275e-1
1.3333197e0 -9.75001e-1 8.7098169e-2 8.7098169e-2
1.4999857e0 -9.75001e-1 6.1104688e-2 6.1104688e-2
1.6666516e0 -9.75001e-1 4.0052263e-2 4.0052263e-2
1.8333176e0 -9.75001e-1 2.458569e-2 2.458569e-2
1.9999835e0 -9.75001e-1 1.41583528e-2 1.41583528e-2

-2.0e0 -8.6666801e-1 -1.72835876e-2 -1.72835876e-2
-1.833334e0 -8.6666801e-1 -3.001268e-2 -3.001268e-2
-1.6666681e0 -8.6666801e-1 -4.8893645e-2 -4.8893645e-2
-1.5000021e0 -8.6666801e-1 -7.4595091e-2 -7.4595091e-2
-1.3333362e0 -8.6666801e-1 -1.06326312e-1 -1.06326312e-1
-1.1666702e0 -8.6666801e-1 -1.4108545e-1 -1.4108545e-1
-1.0000043e0 -8.6666801e-1 -1.7354083e-1 -1.7354083e-1
-8.333383e-1 -8.6666801e-1 -1.96384459e-1 -1.96384459e-1
-6.666723e-1 -8.6666801e-1 -2.01715082e-1 -2.01715082e-1
-5.000063e-1 -8.6666801e-1 -1.83742303e-1 -1.83742303e-1
-3.333403e-1 -8.6666801e-1 -1.40766289e-1 -1.40766289e-1
-1.666743e-1 -8.6666801e-1 -7.6503514e-2 -7.6503514e-2
-8.3e-6 -8.6666801e-1 -3.91685252e-6 -3.91685252e-6
1.6665771e-1 -8.6666801e-1 7.649588e-2 7.649588e-2
3.3332372e-1 -8.6666801e-1 1.40759265e-1 1.40759265e-1
4.9998972e-1 -8.6666801e-1 1.83736247e-1 1.83736247e-1
6.6665572e-1 -8.6666801e-1 2.0171005e-1 2.0171005e-1
8.3332172e-1 -8.6666801e-1 1.9638054e-1 1.9638054e-1
9.9998772e-1 -8.6666801e-1 1.7353792e-1 1.7353792e-1
1.16665372e0 -8.6666801e-1 1.4108342e-1 1.4108342e-1
1.3333197e0 -8.6666801e-1 1.06329552e-1 1.06329552e-1
1.4999857e0 -8.6666801e-1 7.4598132e-2 7.4598132e-2
1.6666516e0 -8.6666801e-1 4.8896254e-2 4.8896254e-2
1.8333176e0 -8.6666801e-1 3.0014224e-2 3.0014224e-2
1.9999835e0 -8.6666801e-1 1.72845198e-2 1.72845198e-2

-2.0e0 -7.5833502e-1 -2.0610321e-2 -2.0610321e-2
-1.833334e0 -7.5833502e-1 -3.5789827e-2 -3.5789827e-2
-1.6666681e0 -7.5833502e-1 -5.8305098e-2 -5.8305098e-2
-1.5000021e0 -7.5833502e-1 -8.8953848e-2 -8.8953848e-2
-1.3333362e0 -7.5833502e-1 -1.26792741e-1 -1.26792741e-1
-1.1666702e0 -7.5833502e-1 -1.6826889e-1 -1.6826889e-1
-1.0000043e0 -7.5833502e-1 -2.0694095e-1 -2.0694095e-1
-8.333383e-1 -7.5833502e-1 -2.34134676e-1 -2.34134676e-1
-6.666723e-1 -7.5833502e-1 -2.40522073e-1 -2.40522073e-1
-5.000063e-1 -7.5833502e-1 -2.19152751e-1 -2.19152751e-1
-3.333403e-1 -7.5833502e-1 -1.6787684e-1 -1.6787684e-1
-1.666743e-1 -7.5833502e-1 -9.1224194e-2 -9.1224194e-2
-8.3e-6 -7.5833502e-1 -4.67065858e-6 -4.67065858e-6
1.6665771e-1 -7.5833502e-1 9.1215091e-2 9.1215091e-2
3.3332372e-1 -7.5833502e-1 1.67868465e-1 1.67868465e-1
4.9998972e-1 -7.5833502e-1 2.19145528e-1 2.19145528e-1
6.6665572e-1 -7.5833502e-1 2.40516074e-1 2.40516074e-1
8.3332172e-1 -7.5833502e-1 2.34130002e-1 2.34130002e-1
9.9998772e-1 -7.5833502e-1 2.0704749e-1 2.0704749e-1
1.16665372e0 -7.5833502e-1 1.6826646e-1 1.6826646e-1
1.3333197e0 -7.5833502e-1 1.26797107e-1 1.26797107e-1
1.4999857e0 -7.5833502e-1 8.8956926e-2 8.8956926e-2
1.6666516e0 -7.5833502e-1 5.8308224e-2 5.8308224e-2
1.8333176e0 -7.5833502e-1 3.5791513e-2 3.5791513e-2
1.9999835e0 -7.5833502e-1 2.0611307e-2 2.0611307e-2

-2.0e0 -6.5000203e-1 -2.4007172e-2 -2.4007172e-2
-1.833334e0 -6.5000203e-1 -4.1688802e-2 -4.1688802e-2
-1.6666681e0 -6.5000203e-1 -6.7915274e-2 -6.7915274e-2
-1.5000021e0 -6.5000203e-1 -1.03616034e-1 -1.03616034e-1
-1.3333362e0 -6.5000203e-1 -1.4762703e-1 -1.4762703e-1
-1.1666702e0 -6.5000203e-1 -1.9603552e-1 -1.9603552e-1
-1.0000043e0 -6.5000203e-1 -2.4115115e-1 -2.4115115e-1
-8.333383e-1 -6.5000203e-1 -2.72726672e-1 -2.72726672e-1
-6.666723e-1 -6.5000203e-1 -2.80195773e-1 -2.80195773e-1
-5.000063e-1 -6.5000203e-1 -2.55258168e-1 -2.55258168e-1
-3.333403e-1 -6.5000203e-1 -1.95550758e-1 -1.95550758e-1
-1.666743e-1 -6.5000203e-1 -1.06261559e-1 -1.06261559e-1
-8.3e-6 -6.5000203e-1 -5.44106439e-6 -5.44106439e-6
1.6665771e-1 -6.5000203e-1 1.06250955e-1 1.06250955e-1
3.3332372e-1 -6.5000203e-1 1.95541002e-1 1.95541002e-1
4.9998972e-1 -6.5000203e-1 2.55249754e-1 2.55249754e-1
6.6665572e-1 -6.5000203e-1 2.80188783e-1 2.80188783e-1
8.3332172e-1 -6.5000203e-1 2.7272123e-1 2.7272123e-1
9.9998772e-1 -6.5000203e-1 2.4114711e-1 2.4114711e-1
1.16665372e0 -6.5000203e-1 1.960327e-1 1.960327e-1
1.3333197e0 -6.5000203e-1 1.4762517e-1 1.4762517e-1
1.4999857e0 -6.5000203e-1 1.03619878e-1 1.03619878e-1
1.6666516e0 -6.5000203e-1 6.7918684e-2 6.7918684e-2
1.8333176e0 -6.5000203e-1 4.169091e-2 4.169091e-2
1.9999835e0 -6.5000203e-1 2.4008556e-2 2.4008556e-2

-2.0e0 -5.4166904e-1 -2.7315338e-2 -2.7315338e-2
-1.833334e0 -5.4166904e-1 -4.7433105e-2 -4.7433105e-2
-1.6666681e0 -5.4166904e-1 -7.7273679e-2 -7.7273679e-2
-1.5000021e0 -5.4166904e-1 -1.17893536e-1 -1.17893536e-1
-1.3333362e0 -5.4166904e-1 -1.6802705e-1 -1.6802705e-1
-1.1666702e0 -5.4166904e-1 -2.2298575e-1 -2.2298575e-1
-1.0000043e0 -5.4166904e-1 -2.7435123e-1 -2.7435123e-1
-8.333383e-1 -5.4166904e-1 -3.10318578e-1 -3.10318578e-1
-6.666723e-1 -5.4166904e-1 -3.18809384e-1 -3.18809384e-1
-5.000063e-1 -5.4166904e-1 -2.90423631e-1 -2.90423631e-1
-3.333403e-1 -5.4166904e-1 -2.22487967e-1 -2.22487967e-1
-1.666743e-1 -5.4166904e-1 -1.20915579e-1 -1.20915579e-1
-8.3e-6 -5.4166904e-1 -6.19080379e-6 -6.19080379e-6
1.6665771e-1 -5.4166904e-1 1.20903514e-1 1.20903514e-1
3.3332372e-1 -5.4166904e-1 2.22476866e-1 2.22476866e-1
4.9998972e-1 -5.4166904e-1 2.9041406e-1 2.9041406e-1
6.6665572e-1 -5.4166904e-1 3.18801431e-1 3.18801431e-1
8.3332172e-1 -5.4166904e-1 3.1039567e-1 3.1039567e-1
9.9998772e-1 -5.4166904e-1 2.74346626e-1 2.74346626e-1
1.16665372e0 -5.4166904e-1 2.2298254e-1 2.2298254e-1
1.3333197e0 -5.4166904e-1 1.6802493e-1 1.6802493e-1
1.4999857e0 -5.4166904e-1 1.17897922e-1 1.17897922e-1
1.6666516e0 -5.4166904e-1 7.7277707e-2 7.7277707e-2
1.8333176e0 -5.4166904e-1 4.7435748e-2 4.7435748e-2
1.9999835e0 -5.4166904e-1 2.7317305e-2 2.7317305e-2

-2.0e0 -4.3333604e-1 -3.0358826e-2 -3.0358826e-2
-1.833334e0 -4.3333604e-1 -5.2718768e-2 -5.2718768e-2
-1.6666681e0 -4.3333604e-1 -8.588313e-2 -8.588313e-2
-1.5000021e0 -4.3333604e-1 -1.31027019e-1 -1.31027019e-1
-1.3333362e0 -4.3333604e-1 -1.8670709e-1 -1.8670709e-1
-1.1666702e0 -4.3333604e-1 -2.4785902e-1 -2.4785902e-1
-1.0000043e0 -4.3333604e-1 -3.0496141e-1 -3.0496141e-1
-8.333383e-1 -4.3333604e-1 -3.44918724e-1 -3.44918724e-1
-6.666723e-1 -4.3333604e-1 -3.54349646e-1 -3.54349646e-1
-5.000063e-1 -4.3333604e-1 -3.22779001e-1 -3.22779001e-1
-3.333403e-1 -4.3333604e-1 -2.47265147e-1 -2.47265147e-1
-1.666743e-1 -4.3333604e-1 -1.34387854e-1 -1.34387854e-1
-8.3e-6 -4.3333604e-1 -6.8806995e-6 -6.8806995e-6
1.6665771e-1 -4.3333604e-1 1.34374445e-1 1.34374445e-1
3.3332372e-1 -4.3333604e-1 2.4725281e-1 2.4725281e-1
4.9998972e-1 -4.3333604e-1 3.22768362e-1 3.22768362e-1
6.6665572e-1 -4.3333604e-1 3.54340805e-1 3.54340805e-1
8.3332172e-1 -4.3333604e-1 3.4491184e-1 3.4491184e-1
9.9998772e-1 -4.3333604e-1 3.04956299e-1 3.04956299e-1
1.16665372e0 -4.3333604e-1 2.4785545e-1 2.4785545e-1
1.3333197e0 -4.3333604e-1 1.8670474e-1 1.8670474e-1
1.4999857e0 -4.3333604e-1 1.31032231e-1 1.31032231e-1
1.6666516e0 -4.3333604e-1 8.5886766e-2 8.5886766e-2
1.8333176e0 -4.3333604e-1 5.2721419e-2 5.2721419e-2
1.9999835e0 -4.3333604e-1 3.0360463e-2 3.0360463e-2

-2.0e0 -3.2500305e-1 -3.2958282e-2 -3.2958282e-2
-1.833334e0 -3.2500305e-1 -5.7232448e-2 -5.7232448e-2
-1.6666681e0 -3.2500305e-1 -9.3237367e-2 -9.3237367e-2
-1.5000021e0 -3.2500305e-1 -1.42246313e-1 -1.42246313e-1
-1.3333362e0 -3.2500305e-1 -2.0269366e-1 -2.0269366e-1
-1.1666702e0 -3.2500305e-1 -2.6909251e-1 -2.6909251e-1
-1.0000043e0 -3.2500305e-1 -3.3107146e-1 -3.3107146e-1
-8.333383e-1 -3.2500305e-1 -3.7450226e-1 -3.7450226e-1
-6.666723e-1 -3.2500305e-1 -3.84689972e-1 -3.84689972e-1
-5.000063e-1 -3.2500305e-1 -3.50439412e-1 -3.50439412e-1
-3.333403e-1 -3.2500305e-1 -2.68432277e-1 -2.68432277e-1
-1.666743e-1 -3.2500305e-1 -1.45890053e-1 -1.45890053e-1
-8.3e-6 -3.2500305e-1 -7.46933636e-6 -7.46933636e-6
1.6665771e-1 -3.2500305e-1 1.45875494e-1 1.45875494e-1
3.3332372e-1 -3.2500305e-1 2.68418883e-1 2.68418883e-1
4.9998972e-1 -3.2500305e-1 3.50427863e-1 3.50427863e-1
6.6665572e-1 -3.2500305e-1 3.84680376e-1 3.84680376e-1
8.3332172e-1 -3.2500305e-1 3.74494785e-1 3.74494785e-1
9.9998772e-1 -3.2500305e-1 3.31065904e-1 3.31065904e-1
1.16665372e0 -3.2500305e-1 2.6908864e-1 2.6908864e-1
1.3333197e0 -3.2500305e-1 2.026911e-1 2.026911e-1
1.4999857e0 -3.2500305e-1 1.42251482e-1 1.42251482e-1
1.6666516e0 -3.2500305e-1 9.324065e-2 9.324065e-2
1.8333176e0 -3.2500305e-1 5.723542e-2 5.723542e-2
1.9999835e0 -3.2500305e-1 3.2959927e-2 3.2959927e-2

-2.0e0 -2.1667006e-1 -3.4949768e-2 -3.4949768e-2
-1.833334e0 -2.1667006e-1 -6.0690707e-2 -6.0690707e-2
-1.6666681e0 -2.1667006e-1 -9.8870792e-2 -9.8870792e-2
-1.5000021e0 -2.1667006e-1 -1.5076508e-1 -1.5076508e-1
-1.3333362e0 -2.1667006e-1 -2.1496033e-1 -2.1496033e-1
-1.1666702e0 -2.1667006e-1 -2.8541425e-1 -2.8541425e-1
-1.0000043e0 -2.1667006e-1 -3.5107155e-1 -3.5107155e-1
-8.333383e-1 -2.1667006e-1 -3.97085657e-1 -3.97085657e-1
-6.666723e-1 -2.1667006e-1 -4.07963487e-1 -4.07963487e-1
-5.000063e-1 -2.1667006e-1 -3.71594615e-1 -3.71594615e-1
-3.333403e-1 -2.1667006e-1 -2.84672597e-1 -2.84672597e-1
-1.666743e-1 -2.1667006e-1 -1.54710472e-1 -1.54710472e-1
-8.3e-6 -2.1667006e-1 -7.92093889e-6 -7.92093889e-6
1.6665771e-1 -2.1667006e-1 1.54695033e-1 1.54695033e-1
3.3332372e-1 -2.1667006e-1 2.84658392e-1 2.84658392e-1
4.9998972e-1 -2.1667006e-1 3.7162738e-1 3.7162738e-1
6.6665572e-1 -2.1667006e-1 4.0795331e-1 4.0795331e-1
8.3332172e-1 -2.1667006e-1 3.97077731e-1 3.97077731e-1
9.9998772e-1 -2.1667006e-1 3.5106566e-1 3.5106566e-1
1.16665372e0 -2.1667006e-1 2.8541014e-1 2.8541014e-1
1.3333197e0 -2.1667006e-1 2.1495761e-1 2.1495761e-1
1.4999857e0 -2.1667006e-1 1.5076353e-1 1.5076353e-1
1.6666516e0 -2.1667006e-1 9.8875746e-2 9.8875746e-2
1.8333176e0 -2.1667006e-1 6.0693536e-2 6.0693536e-2
1.9999835e0 -2.1667006e-1 3.4952403e-2 3.4952403e-2

-2.0e0 -1.0833707e-1 -3.6202545e-2 -3.6202545e-2
-1.833334e0 -1.0833707e-1 -6.2866197e-2 -6.2866197e-2
-1.6666681e0 -1.0833707e-1 -1.02415666e-1 -1.02415666e-1
-1.5000021e0 -1.0833707e-1 -1.5616508e-1 -1.5616508e-1
-1.3333362e0 -1.0833707e-1 -2.2272035e-1 -2.2272035e-1
-1.1666702e0 -1.0833707e-1 -2.9558754e-1 -2.9558754e-1
-1.0000043e0 -1.0833707e-1 -3.635916e-1 -3.635916e-1
-8.333383e-1 -1.0833707e-1 -4.11335799e-1 -4.11335799e-1
-6.666723e-1 -1.0833707e-1 -4.22570241e-1 -4.22570241e-1
-5.000063e-1 -1.0833707e-1 -3.84944849e-1 -3.84944849e-1
-3.333403e-1 -1.0833707e-1 -2.94876158e-1 -2.94876158e-1
-1.666743e-1 -1.0833707e-1 -1.60245726e-1 -1.60245726e-1
-8.3e-6 -1.0833707e-1 -8.20479874e-6 -8.20479874e-6
1.6665771e-1 -1.0833707e-1 1.60229735e-1 1.60229735e-1
3.3332372e-1 -1.0833707e-1 2.94861446e-1 2.94861446e-1
4.9998972e-1 -1.0833707e-1 3.84932161e-1 3.84932161e-1
6.6665572e-1 -1.0833707e-1 4.22559698e-1 4.22559698e-1
8.3332172e-1 -1.0833707e-1 4.11327588e-1 4.11327588e-1
9.9998772e-1 -1.0833707e-1 3.63675522e-1 3.63675522e-1
1.16665372e0 -1.0833707e-1 2.9568832e-1 2.9568832e-1
1.3333197e0 -1.0833707e-1 2.2271754e-1 2.2271754e-1
1.4999857e0 -1.0833707e-1 1.561635e-1 1.561635e-1
1.6666516e0 -1.0833707e-1 1.0242079e-1 1.0242079e-1
1.8333176e0 -1.0833707e-1 6.2869426e-2 6.2869426e-2
1.9999835e0 -1.0833707e-1 3.6204346e-2 3.6204346e-2

-2.0e0 -4.07e-6 -3.6629639e-2 -3.6629639e-2
-1.833334e0 -4.07e-6 -6.3608359e-2 -6.3608359e-2
-1.6666681e0 -4.07e-6 -1.03623376e-1 -1.03623376e-1
-1.5000021e0 -4.07e-6 -1.5813026e-1 -1.5813026e-1
-1.3333362e0 -4.07e-6 -2.2538718e-1 -2.2538718e-1
-1.1666702e0 -4.07e-6 -2.9907584e-1 -2.9907584e-1
-1.0000043e0 -4.07e-6 -3.678717e-1 -3.678717e-1
-8.333383e-1 -4.07e-6 -4.16185834e-1 -4.16185834e-1
-6.666723e-1 -4.07e-6 -4.27503653e-1 -4.27503653e-1
-5.000063e-1 -4.07e-6 -3.89494847e-1 -3.89494847e-1
-3.333403e-1 -4.07e-6 -2.98339569e-1 -2.98339569e-1
-1.666743e-1 -4.07e-6 -1.62144133e-1 -1.62144133e-1
-8.3e-6 -4.07e-6 -8.3e-6 -8.3e-6
1.6665771e-1 -4.07e-6 1.62127954e-1 1.62127954e-1
3.3332372e-1 -4.07e-6 2.98324684e-1 2.98324684e-1
4.9998972e-1 -4.07e-6 3.8948201e-1 3.8948201e-1
6.6665572e-1 -4.07e-6 4.27553004e-1 4.27553004e-1
8.3332172e-1 -4.07e-6 4.16177527e-1 4.16177527e-1
9.9998772e-1 -4.07e-6 3.6797555e-1 3.6797555e-1
1.16665372e0 -4.07e-6 2.9907153e-1 2.9907153e-1
1.3333197e0 -4.07e-6 2.2538434e-1 2.2538434e-1
1.4999857e0 -4.07e-6 1.5812866e-1 1.5812866e-1
1.6666516e0 -4.07e-6 1.03628537e-1 1.03628537e-1
1.8333176e0 -4.07e-6 6.3611917e-2 6.3611917e-2
1.9999835e0 -4.07e-6 3.6631467e-2 3.6631467e-2

-2.0e0 1.0832893e-1 -3.6202545e-2 -3.6202545e-2
-1.833334e0 1.0832893e-1 -6.2866197e-2 -6.2866197e-2
-1.6666681e0 1.0832893e-1 -1.02415666e-1 -1.02415666e-1
-1.5000021e0 1.0832893e-1 -1.5616508e-1 -1.5616508e-1
-1.3333362e0 1.0832893e-1 -2.2272035e-1 -2.2272035e-1
-1.1666702e0 1.0832893e-1 -2.9558754e-1 -2.9558754e-1
-1.0000043e0 1.0832893e-1 -3.635916e-1 -3.635916e-1
-8.333383e-1 1.0832893e-1 -4.11335799e-1 -4.11335799e-1
-6.666723e-1 1.0832893e-1 -4.22570241e-1 -4.22570241e-1
-5.000063e-1 1.0832893e-1 -3.84944849e-1 -3.84944849e-1
-3.333403e-1 1.0832893e-1 -2.94876158e-1 -2.94876158e-1
-1.666743e-1 1.0832893e-1 -1.60245726e-1 -1.60245726e-1
-8.3e-6 1.0832893e-1 -8.20479874e-6 -8.20479874e-6
1.6665771e-1 1.0832893e-1 1.60229735e-1 1.60229735e-1
3.3332372e-1 1.0832893e-1 2.94861446e-1 2.94861446e-1
4.9998972e-1 1.0832893e-1 3.84932161e-1 3.84932161e-1
6.6665572e-1 1.0832893e-1 4.22559698e-1 4.22559698e-1
8.3332172e-1 1.0832893e-1 4.11327588e-1 4.11327588e-1
9.9998772e-1 1.0832893e-1 3.63675522e-1 3.63675522e-1
1.16665372e0 1.0832893e-1 2.9568832e-1 2.9568832e-1
1.3333197e0 1.0832893e-1 2.2271754e-1 2.2271754e-1
1.4999857e0 1.0832893e-1 1.561635e-1 1.561635e-1
1.6666516e0 1.0832893e-1 1.0242079e-1 1.0242079e-1
1.8333176e0 1.0832893e-1 6.2869426e-2 6.2869426e-2
1.9999835e0 1.0832893e-1 3.6204346e-2 3.6204346e-2

-2.0e0 2.1666193e-1 -3.4950348e-2 -3.4950348e-2
-1.833334e0 2.1666193e-1 -6.0691853e-2 -6.0691853e-2
-1.6666681e0 2.1666193e-1 -9.8872115e-2 -9.8872115e-2
-1.5000021e0 2.1666193e-1 -1.5076508e-1 -1.5076508e-1
-1.3333362e0 2.1666193e-1 -2.1496033e-1 -2.1496033e-1
-1.1666702e0 2.1666193e-1 -2.8541425e-1 -2.8541425e-1
-1.0000043e0 2.1666193e-1 -3.5107155e-1 -3.5107155e-1
-8.333383e-1 2.1666193e-1 -3.97085657e-1 -3.97085657e-1
-6.666723e-1 2.1666193e-1 -4.07963487e-1 -4.07963487e-1
-5.000063e-1 2.1666193e-1 -3.71594615e-1 -3.71594615e-1
-3.333403e-1 2.1666193e-1 -2.84672597e-1 -2.84672597e-1
-1.666743e-1 2.1666193e-1 -1.54710472e-1 -1.54710472e-1
-8.3e-6 2.1666193e-1 -7.92093889e-6 -7.92093889e-6
1.6665771e-1 2.1666193e-1 1.54695033e-1 1.54695033e-1
3.3332372e-1 2.1666193e-1 2.84658392e-1 2.84658392e-1
4.9998972e-1 2.1666193e-1 3.7162738e-1 3.7162738e-1
6.6665572e-1 2.1666193e-1 4.0795331e-1 4.0795331e-1
8.3332172e-1 2.1666193e-1 3.97077731e-1 3.97077731e-1
9.9998772e-1 2.1666193e-1 3.5106566e-1 3.5106566e-1
1.16665372e0 2.1666193e-1 2.8541014e-1 2.8541014e-1
1.3333197e0 2.1666193e-1 2.1495761e-1 2.1495761e-1
1.4999857e0 2.1666193e-1 1.5076353e-1 1.5076353e-1
1.6666516e0 2.1666193e-1 9.8875746e-2 9.8875746e-2
1.8333176e0 2.1666193e-1 6.0695074e-2 6.0695074e-2
1.9999835e0 2.1666193e-1 3.4952403e-2 3.4952403e-2

-2.0e0 3.2499492e-1 -3.2958282e-2 -3.2958282e-2
-1.833334e0 3.2499492e-1 -5.7232448e-2 -5.7232448e-2
-1.6666681e0 3.2499492e-1 -9.3237367e-2 -9.3237367e-2
-1.5000021e0 3.2499492e-1 -1.42248465e-1 -1.42248465e-1
-1.3333362e0 3.2499492e-1 -2.0269366e-1 -2.0269366e-1
-1.1666702e0 3.2499492e-1 -2.6909251e-1 -2.6909251e-1
-1.0000043e0 3.2499492e-1 -3.3107146e-1 -3.3107146e-1
-8.333383e-1 3.2499492e-1 -3.7450226e-1 -3.7450226e-1
-6.666723e-1 3.2499492e-1 -3.84689972e-1 -3.84689972e-1
-5.000063e-1 3.2499492e-1 -3.50439412e-1 -3.50439412e-1
-3.333403e-1 3.2499492e-1 -2.68432277e-1 -2.68432277e-1
-1.666743e-1 3.2499492e-1 -1.45890053e-1 -1.45890053e-1
-8.3e-6 3.2499492e-1 -7.46933636e-6 -7.46933636e-6
1.6665771e-1 3.2499492e-1 1.45875494e-1 1.45875494e-1
3.3332372e-1 3.2499492e-1 2.68418883e-1 2.68418883e-1
4.9998972e-1 3.2499492e-1 3.50427863e-1 3.50427863e-1
6.6665572e-1 3.2499492e-1 3.84680376e-1 3.84680376e-1
8.3332172e-1 3.2499492e-1 3.74494785e-1 3.74494785e-1
9.9998772e-1 3.2499492e-1 3.31065904e-1 3.31065904e-1
1.16665372e0 3.2499492e-1 2.6908864e-1 2.6908864e-1
1.3333197e0 3.2499492e-1 2.026911e-1 2.026911e-1
1.4999857e0 3.2499492e-1 1.42253198e-1 1.42253198e-1
1.6666516e0 3.2499492e-1 9.324187e-2 9.324187e-2
1.8333176e0 3.2499492e-1 5.723542e-2 5.723542e-2
1.9999835e0 3.2499492e-1 3.2959927e-2 3.2959927e-2

-2.0e0 4.3332791e-1 -3.0358826e-2 -3.0358826e-2
-1.833334e0 4.3332791e-1 -5.2718768e-2 -5.2718768e-2
-1.6666681e0 4.3332791e-1 -8.588313e-2 -8.588313e-2
-1.5000021e0 4.3332791e-1 -1.3102933e-1 -1.3102933e-1
-1.3333362e0 4.3332791e-1 -1.8670709e-1 -1.8670709e-1
-1.1666702e0 4.3332791e-1 -2.4785902e-1 -2.4785902e-1
-1.0000043e0 4.3332791e-1 -3.0496141e-1 -3.0496141e-1
-8.333383e-1 4.3332791e-1 -3.44918724e-1 -3.44918724e-1
-6.666723e-1 4.3332791e-1 -3.54349646e-1 -3.54349646e-1
-5.000063e-1 4.3332791e-1 -3.22779001e-1 -3.22779001e-1
-3.333403e-1 4.3332791e-1 -2.47265147e-1 -2.47265147e-1
-1.666743e-1 4.3332791e-1 -1.34387854e-1 -1.34387854e-1
-8.3e-6 4.3332791e-1 -6.8806995e-6 -6.8806995e-6
1.6665771e-1 4.3332791e-1 1.34374445e-1 1.34374445e-1
3.3332372e-1 4.3332791e-1 2.4725281e-1 2.4725281e-1
4.9998972e-1 4.3332791e-1 3.22768362e-1 3.22768362e-1
6.6665572e-1 4.3332791e-1 3.54340805e-1 3.54340805e-1
8.3332172e-1 4.3332791e-1 3.4491184e-1 3.4491184e-1
9.9998772e-1 4.3332791e-1 3.04956299e-1 3.04956299e-1
1.16665372e0 4.3332791e-1 2.4785545e-1 2.4785545e-1
1.3333197e0 4.3332791e-1 1.8670474e-1 1.8670474e-1
1.4999857e0 4.3332791e-1 1.31033582e-1 1.31033582e-1
1.6666516e0 4.3332791e-1 8.5887784e-2 8.5887784e-2
1.8333176e0 4.3332791e-1 5.2721419e-2 5.2721419e-2
1.9999835e0 4.3332791e-1 3.0360463e-2 3.0360463e-2

-2.0e0 5.416609e-1 -2.7315735e-2 -2.7315735e-2
-1.833334e0 5.416609e-1 -4.7434253e-2 -4.7434253e-2
-1.6666681e0 5.416609e-1 -7.7274544e-2 -7.7274544e-2
-1.5000021e0 5.416609e-1 -1.1789539e-1 -1.1789539e-1
-1.3333362e0 5.416609e-1 -1.6802705e-1 -1.6802705e-1
-1.1666702e0 5.416609e-1 -2.2298575e-1 -2.2298575e-1
-1.0000043e0 5.416609e-1 -2.7435123e-1 -2.7435123e-1
-8.333383e-1 5.416609e-1 -3.10318578e-1 -3.10318578e-1
-6.666723e-1 5.416609e-1 -3.18809384e-1 -3.18809384e-1
-5.000063e-1 5.416609e-1 -2.90423631e-1 -2.90423631e-1
-3.333403e-1 5.416609e-1 -2.22487967e-1 -2.22487967e-1
-1.666743e-1 5.416609e-1 -1.20915579e-1 -1.20915579e-1
-8.3e-6 5.416609e-1 -6.19080379e-6 -6.19080379e-6
1.6665771e-1 5.416609e-1 1.20903514e-1 1.20903514e-1
3.3332372e-1 5.416609e-1 2.22476866e-1 2.22476866e-1
4.9998972e-1 5.416609e-1 2.90459071e-1 2.90459071e-1
6.6665572e-1 5.416609e-1 3.18801431e-1 3.18801431e-1
8.3332172e-1 5.416609e-1 3.1039567e-1 3.1039567e-1
9.9998772e-1 5.416609e-1 2.74346626e-1 2.74346626e-1
1.16665372e0 5.416609e-1 2.2298254e-1 2.2298254e-1
1.3333197e0 5.416609e-1 1.6802493e-1 1.6802493e-1
1.4999857e0 5.416609e-1 1.17899547e-1 1.17899547e-1
1.6666516e0 5.416609e-1 7.7278851e-2 7.7278851e-2
1.8333176e0 5.416609e-1 4.7436392e-2 4.7436392e-2
1.9999835e0 5.416609e-1 2.7317305e-2 2.7317305e-2

-2.0e0 6.499939e-1 -2.4007751e-2 -2.4007751e-2
-1.833334e0 6.499939e-1 -4.16895e-2 -4.16895e-2
-1.6666681e0 6.499939e-1 -6.7916393e-2 -6.7916393e-2
-1.5000021e0 6.499939e-1 -1.03616034e-1 -1.03616034e-1
-1.3333362e0 6.499939e-1 -1.4762703e-1 -1.4762703e-1
-1.1666702e0 6.499939e-1 -1.9603552e-1 -1.9603552e-1
-1.0000043e0 6.499939e-1 -2.4115115e-1 -2.4115115e-1
-8.333383e-1 6.499939e-1 -2.72726672e-1 -2.72726672e-1
-6.666723e-1 6.499939e-1 -2.80195773e-1 -2.80195773e-1
-5.000063e-1 6.499939e-1 -2.55258168e-1 -2.55258168e-1
-3.333403e-1 6.499939e-1 -1.95550758e-1 -1.95550758e-1
-1.666743e-1 6.499939e-1 -1.06261559e-1 -1.06261559e-1
-8.3e-6 6.499939e-1 -5.44106439e-6 -5.44106439e-6
1.6665771e-1 6.499939e-1 1.06250955e-1 1.06250955e-1
3.3332372e-1 6.499939e-1 1.95541002e-1 1.95541002e-1
4.9998972e-1 6.499939e-1 2.55249754e-1 2.55249754e-1
6.6665572e-1 6.499939e-1 2.80188783e-1 2.80188783e-1
8.3332172e-1 6.499939e-1 2.72812907e-1 2.72812907e-1
9.9998772e-1 6.499939e-1 2.4114711e-1 2.4114711e-1
1.16665372e0 6.499939e-1 1.960327e-1 1.960327e-1
1.3333197e0 6.499939e-1 1.4762517e-1 1.4762517e-1
1.4999857e0 6.499939e-1 1.03619878e-1 1.03619878e-1
1.6666516e0 6.499939e-1 6.7918684e-2 6.7918684e-2
1.8333176e0 6.499939e-1 4.169175e-2 4.169175e-2
1.9999835e0 6.499939e-1 2.4009044e-2 2.4009044e-2

-2.0e0 7.5832689e-1 -2.0610382e-2 -2.0610382e-2
-1.833334e0 7.5832689e-1 -3.5790247e-2 -3.5790247e-2
-1.6666681e0 7.5832689e-1 -5.8306268e-2 -5.8306268e-2
-1.5000021e0 7.5832689e-1 -8.8955588e-2 -8.8955588e-2
-1.3333362e0 7.5832689e-1 -1.26794511e-1 -1.26794511e-1
-1.1666702e0 7.5832689e-1 -1.6826889e-1 -1.6826889e-1
-1.0000043e0 7.5832689e-1 -2.0705096e-1 -2.0705096e-1
-8.333383e-1 7.5832689e-1 -2.34134676e-1 -2.34134676e-1
-6.666723e-1 7.5832689e-1 -2.40522073e-1 -2.40522073e-1
-5.000063e-1 7.5832689e-1 -2.19152751e-1 -2.19152751e-1
-3.333403e-1 7.5832689e-1 -1.6787684e-1 -1.6787684e-1
-1.666743e-1 7.5832689e-1 -9.1224194e-2 -9.1224194e-2
-8.3e-6 7.5832689e-1 -4.67065858e-6 -4.67065858e-6
1.6665771e-1 7.5832689e-1 9.1215091e-2 9.1215091e-2
3.3332372e-1 7.5832689e-1 1.67868465e-1 1.67868465e-1
4.9998972e-1 7.5832689e-1 2.19145528e-1 2.19145528e-1
6.6665572e-1 7.5832689e-1 2.40516074e-1 2.40516074e-1
8.3332172e-1 7.5832689e-1 2.34130002e-1 2.34130002e-1
9.9998772e-1 7.5832689e-1 2.0704749e-1 2.0704749e-1
1.16665372e0 7.5832689e-1 1.6826646e-1 1.6826646e-1
1.3333197e0 7.5832689e-1 1.2679904e-1 1.2679904e-1
1.4999857e0 7.5832689e-1 8.8958345e-2 8.8958345e-2
1.6666516e0 7.5832689e-1 5.8309064e-2 5.8309064e-2
1.8333176e0 7.5832689e-1 3.579196e-2 3.579196e-2
1.9999835e0 7.5832689e-1 2.0611398e-2 2.0611398e-2

-2.0e0 8.6665988e-1 -1.72839569e-2 -1.72839569e-2
-1.833334e0 8.6665988e-1 -3.0013324e-2 -3.0013324e-2
-1.6666681e0 8.6665988e-1 -4.8894229e-2 -4.8894229e-2
-1.5000021e0 8.6665988e-1 -7.4596625e-2 -7.4596625e-2
-1.3333362e0 8.6665988e-1 -1.06328021e-1 -1.06328021e-1
-1.1666702e0 8.6665988e-1 -1.4108545e-1 -1.4108545e-1
-1.0000043e0 8.6665988e-1 -1.7354083e-1 -1.7354083e-1
-8.333383e-1 8.6665988e-1 -1.96384459e-1 -1.96384459e-1
-6.666723e-1 8.6665988e-1 -2.01715082e-1 -2.01715082e-1
-5.000063e-1 8.6665988e-1 -1.83742303e-1 -1.83742303e-1
-3.333403e-1 8.6665988e-1 -1.40766289e-1 -1.40766289e-1
-1.666743e-1 8.6665988e-1 -7.6503514e-2 -7.6503514e-2
-8.3e-6 8.6665988e-1 -3.91685252e-6 -3.91685252e-6
1.6665771e-1 8.6665988e-1 7.649588e-2 7.649588e-2
3.3332372e-1 8.6665988e-1 1.40759265e-1 1.40759265e-1
4.9998972e-1 8.6665988e-1 1.83736247e-1 1.83736247e-1
6.6665572e-1 8.6665988e-1 2.0171005e-1 2.0171005e-1
8.3332172e-1 8.6665988e-1 1.9638054e-1 1.9638054e-1
9.9998772e-1 8.6665988e-1 1.7353792e-1 1.7353792e-1
1.16665372e0 8.6665988e-1 1.4108342e-1 1.4108342e-1
1.3333197e0 8.6665988e-1 1.06331729e-1 1.06331729e-1
1.4999857e0 8.6665988e-1 7.4598682e-2 7.4598682e-2
1.6666516e0 8.6665988e-1 4.8896916e-2 4.8896916e-2
1.8333176e0 8.6665988e-1 3.0015036e-2 3.0015036e-2
1.9999835e0 8.6665988e-1 1.72848463e-2 1.72848463e-2

-2.0e0 9.7499287e-1 -1.41578094e-2 -1.41578094e-2
-1.833334e0 9.7499287e-1 -2.45846e-2 -2.45846e-2
-1.6666681e0 9.7499287e-1 -4.0051445e-2 -4.0051445e-2
-1.5000021e0 9.7499287e-1 -6.1103455e-2 -6.1103455e-2
-1.3333362e0 9.7499287e-1 -8.7096927e-2 -8.7096927e-2
-1.1666702e0 9.7499287e-1 -1.15601627e-1 -1.15601627e-1
-1.0000043e0 9.7499287e-1 -1.421207e-1 -1.421207e-1
-8.333383e-1 9.7499287e-1 -1.60867635e-1 -1.60867635e-1
-6.666723e-1 9.7499287e-1 -1.65234769e-1 -1.65234769e-1
-5.000063e-1 9.7499287e-1 -1.50536856e-1 -1.50536856e-1
-3.333403e-1 9.7499287e-1 -1.15292429e-1 -1.15292429e-1
-1.666743e-1 9.7499287e-1 -6.2666232e-2 -6.2666232e-2
-8.3e-6 9.7499287e-1 -3.2086144e-6 -3.2086144e-6
1.6665771e-1 9.7499287e-1 6.265998e-2 6.265998e-2
3.3332372e-1 9.7499287e-1 1.15286676e-1 1.15286676e-1
4.9998972e-1 9.7499287e-1 1.50531894e-1 1.50531894e-1
6.6665572e-1 9.7499287e-1 1.65230647e-1 1.65230647e-1
8.3332172e-1 9.7499287e-1 1.60864424e-1 1.60864424e-1
9.9998772e-1 9.7499287e-1 1.42118321e-1 1.42118321e-1
1.16665372e0 9.7499287e-1 1.15604788e-1 1.15604788e-1
1.3333197e0 9.7499287e-1 8.7099187e-2 8.7099187e-2
1.4999857e0 9.7499287e-1 6.1105489e-2 6.1105489e-2
1.6666516e0 9.7499287e-1 4.0053178e-2 4.0053178e-2
1.8333176e0 9.7499287e-1 2.4586026e-2 2.4586026e-2
1.9999835e0 9.7499287e-1 1.41585725e-2 1.41585725e-2

-2.0e0 1.08332587e0 -1.13279419e-2 -1.13279419e-2
-1.833334e0 1.08332587e0 -1.9670746e-2 -1.9670746e-2
-1.6666681e0 1.08332587e0 -3.2045605e-2 -3.2045605e-2
-1.5000021e0 1.08332587e0 -4.8890742e-2 -4.8890742e-2
-1.3333362e0 1.08332587e0 -6.9687856e-2 -6.9687856e-2
-1.1666702e0 1.08332587e0 -9.2496016e-2 -9.2496016e-2
-1.0000043e0 1.08332587e0 -1.1372046e-1 -1.1372046e-1
-8.333383e-1 1.08332587e0 -1.28692378e-1 -1.28692378e-1
-6.666723e-1 1.08332587e0 -1.32161163e-1 -1.32161163e-1
-5.000063e-1 1.08332587e0 -1.20421504e-1 -1.20421504e-1
-3.333403e-1 1.08332587e0 -9.2255244e-2 -9.2255244e-2
-1.666743e-1 1.08332587e0 -5.0130635e-2 -5.0130635e-2
-8.3e-6 1.08332587e0 -2.56694116e-6 -2.56694116e-6
1.6665771e-1 1.08332587e0 5.0125633e-2 5.0125633e-2
3.3332372e-1 1.08332587e0 9.2250641e-2 9.2250641e-2
4.9998972e-1 1.08332587e0 1.20417535e-1 1.20417535e-1
6.6665572e-1 1.08332587e0 1.32157866e-1 1.32157866e-1
8.3332172e-1 1.08332587e0 1.2868981e-1 1.2868981e-1
9.9998772e-1 1.08332587e0 1.13718552e-1 1.13718552e-1
1.16665372e0 1.08332587e0 9.2499155e-2 9.2499155e-2
1.3333197e0 1.08332587e0 6.9689807e-2 6.9689807e-2
1.4999857e0 1.08332587e0 4.8892328e-2 4.8892328e-2
1.6666516e0 1.08332587e0 3.2047217e-2 3.2047217e-2
1.8333176e0 1.08332587e0 1.9671573e-2 1.9671573e-2
1.9999835e0 1.08332587e0 1.13287286e-2 1.13287286e-2

-2.0e0 1.1916588e0 -8.8534363e-3 -8.8534363e-3
-1.833334e0 1.1916588e0 -1.53741293e-2 -1.53741293e-2
-1.6666681e0 1.1916588e0 -2.5045857e-2 -2.5045857e-2
-1.5000021e0 1.1916588e0 -3.8211014e-2 -3.8211014e-2
-1.3333362e0 1.1916588e0 -5.4465944e-2 -5.4465944e-2
-1.1666702e0 1.1916588e0 -7.2291345e-2 -7.2291345e-2
-1.0000043e0 1.1916588e0 -8.8914484e-2 -8.8914484e-2
-8.333383e-1 1.1916588e0 -1.00517238e-1 -1.00517238e-1
-6.666723e-1 1.1916588e0 -1.03280911e-1 -1.03280911e-1
-5.000063e-1 1.1916588e0 -9.4116167e-2 -9.4116167e-2
-3.333403e-1 1.1916588e0 -7.2084839e-2 -7.2084839e-2
-1.666743e-1 1.1916588e0 -3.9176813e-2 -3.9176813e-2
-8.3e-6 1.1916588e0 -2.00644167e-6 -2.00644167e-6
1.6665771e-1 1.1916588e0 3.9172903e-2 3.9172903e-2
3.3332372e-1 1.1916588e0 7.2081242e-2 7.2081242e-2
4.9998972e-1 1.1916588e0 9.4113065e-2 9.4113065e-2
6.6665572e-1 1.1916588e0 1.03278334e-1 1.03278334e-1
8.3332172e-1 1.1916588e0 1.00515231e-1 1.00515231e-1
9.9998772e-1 1.1916588e0 8.89156015e-2 8.89156015e-2
1.16665372e0 1.1916588e0 7.2293848e-2 7.2293848e-2
1.3333197e0 1.1916588e0 5.4467964e-2 5.4467964e-2
1.4999857e0 1.1916588e0 3.8212318e-2 3.8212318e-2
1.6666516e0 1.1916588e0 2.5046953e-2 2.5046953e-2
1.8333176e0 1.1916588e0 1.53751915e-2 1.53751915e-2
1.9999835e0 1.1916588e0 8.8540974e-3 8.8540974e-3

-2.0e0 1.2999918e0 -6.7589813e-3 -6.7589813e-3
-1.833334e0 1.2999918e0 -1.17373598e-2 -1.17373598e-2
-1.6666681e0 1.2999918e0 -1.9120811e-2 -1.9120811e-2
-1.5000021e0 1.2999918e0 -2.9171408e-2 -2.9171408e-2
-1.3333362e0 1.2999918e0 -4.158091e-2 -4.158091e-2
-1.1666702e0 1.2999918e0 -5.518945e-2 -5.518945e-2
-1.0000043e0 1.2999918e0 -6.788007e-2 -6.788007e-2
-8.333383e-1 1.2999918e0 -7.67831308e-2 -7.67831308e-2
-6.666723e-1 1.2999918e0 -7.8880678e-2 -7.8880678e-2
-5.000063e-1 1.2999918e0 -7.1860869e-2 -7.1860869e-2
-3.333403e-1 1.2999918e0 -5.5044485e-2 -5.5044485e-2
-1.666743e-1 1.2999918e0 -2.9908044e-2 -2.9908044e-2
-8.3e-6 1.2999918e0 -1.53168156e-6 -1.53168156e-6
1.6665771e-1 1.2999918e0 2.990506e-2 2.990506e-2
3.3332372e-1 1.2999918e0 5.5041739e-2 5.5041739e-2
4.9998972e-1 1.2999918e0 7.18585e-2 7.18585e-2
6.6665572e-1 1.2999918e0 7.8878711e-2 7.8878711e-2
8.3332172e-1 1.2999918e0 7.67838109e-2 7.67838109e-2
9.9998772e-1 1.2999918e0 6.78809004e-2 6.78809004e-2
1.16665372e0 1.2999918e0 5.5191469e-2 5.5191469e-2
1.3333197e0 1.2999918e0 4.1582481e-2 4.1582481e-2
1.4999857e0 1.2999918e0 2.9172598e-2 2.9172598e-2
1.6666516e0 1.2999918e0 1.9121509e-2 1.9121509e-2
1.8333176e0 1.2999918e0 1.1737946e-2 1.1737946e-2
1.9999835e0 1.2999918e0 6.7594861e-3 6.7594861e-3
